0.0001011805   -0.1927603270 
0.0003636252   -0.4780330034 
0.0009170725   17.6047211900 
-0.0006782967   12.7925722537 
-0.0008700417   -16.3017648715 
0.0001645297   -13.1289464098 
-0.0009935912   7.2292556534 
-0.0006967269   7.9758279929 
-0.0005416895   -1.5338130042 
-0.0004748664   -2.6314605925 
0.0005777197   -13.1916530575 
0.0007075842   5.4115605402 
0.0007044530   -0.6258178114 
0.0002603914   -15.2665916295 
0.0009988871   -16.3803544438 
-0.0004175862   10.9428015703 
0.0001856950   -10.4239279736 
0.0005316450   -17.8837943431 
0.0008853548   4.5999697182 
-0.0000572290   19.2659505957 
