11111011111100010100111101001100   00000001110101110010111001101010 
 00001000000011111000010111010100   11110111100100100101101011110011 
 11111101000100000111110010000001   00000100010000110010110100001101 
 11111011010111100010101011010010   00000001011010101001110010010001 
 00001001101111111101110110011011   11111010010010000010010000000100 
 00000011001001110111010000011011   11111010100000111000000001101011 
 11111111101000010000010110111111   00000101110110010101110111001110 
 00000100100111101000100100101111   11111011111111010001000101111111 
 00000011011000110011011011001000   11110110101001011001001110000001 
 11110110000000010100111100000100   00000001010000101001011101000000 
 00001001100110000001010111000111   00000010101111011101111010111001 
 11111111111110101101110000100101   00000100110110001010010110001010 
 11111010111010010100111010111001   00000010111101000010010000111101 
 11111001010111110101011110000011   11111000110011101111010011110101 
 00000001100110000110100101010100   00000100010001001010011111011110 
 00001001111010100001110101101110   00000011010010111101101000000001 
 00000001101111110011001000101001   11111110101000100100011100010111 
 00000001010011101001010001111011   00001000110111101110001100010001 
 00000000100110000001101111101100   00000101100101010100001100001101 
 11110110001111111010010000101011   00000011010010001100010101001110 
 