00000000000000000000000000000000 
11111111111111111111110101100011 
11111111111111111111111100101111 
11111111111111111111111101100100 
11111111111111111111111101001000 
00000000000000000000000011100000 
00000000000000000000000010111011 
11111111111111111111111110110111 
11111111111111111111101011100111 
11111111111111111111111000110110 
11111111111111111111111111100111 
00000000000000000000000001011001 
11111111111111111111111111011111 
00000000000000000000000010101110 
00000000000000000000000001111110 
11111111111111111111111101001111 
11111111111111111111111110101000 
11111111111111111111111101110010 
11111111111111111111111111100100 
11111111111111111111111101110001 
00000000000000000000000001011001 
00000000000000000000000001011001 
00000000000000000000000001011001 
00000000000000000000000001011001 
00000000000000000000000001011001 
00000000000000000000000001011001 
00000000000000000000000001011001 
00000000000000000000000001011001 
00000000000000000000000001011001 
00000000000000000000000001011001 
00000000000000000000000001011001 
00000000000000000000000001011001 
