0.88888895511627197266 
-0.00009864568710327148 
-0.00015860795974731445 
-0.00035166740417480469 
0.00009065866470336914 
-0.00014382600784301758 
0.00042921304702758789 
0.00009673833847045898 
0.00001871585845947266 
-0.00012373924255371094 
-0.00028491020202636719 
-0.00128966569900512695 
0.00017791986465454102 
0.00003415346145629883 
-0.00049686431884765625 
-0.00019222497940063477 
-0.00013232231140136719 
-0.00009626150131225586 
0.00003355741500854492 
-0.00009369850158691406 
-0.00006043910980224609 
-0.00006043910980224609 
-0.00006043910980224609 
-0.00006043910980224609 
-0.00006043910980224609 
-0.00006043910980224609 
-0.00006043910980224609 
-0.00006043910980224609 
-0.00006043910980224609 
-0.00006043910980224609 
-0.00006043910980224609 
-0.00006043910980224609 
-0.00006043910980224609 
-0.00006043910980224609 
-0.00006043910980224609 
-0.00006043910980224609 
-0.00006043910980224609 
-0.00006043910980224609 
-0.00006043910980224609 
-0.00006043910980224609 
-0.00006043910980224609 
-0.00006043910980224609 
-0.00006043910980224609 
-0.00006043910980224609 
-0.00006043910980224609 
-0.00006043910980224609 
-0.00006043910980224609 
-0.00006043910980224609 
