0.0006753423   -4.5715590041 
0.0003594936   4.6941055643 
0.0006396258   -6.4548427415 
-0.0007583507   -9.2934420579 
0.0002952525   0.1969500866 
-0.0003972642   4.5348295853 
0.0001489245   6.8225420379 
-0.0004607306   -2.4071815568 
0.0000514125   -2.5235492872 
-0.0006126160   2.1470086703 
-0.0006681947   -1.5115923797 
-0.0003393490   2.7923917751 
-0.0001010503   -5.9826736059 
0.0005448827   3.7024684734 
0.0000486755   9.4696911888 
-0.0004006866   -8.6873468827 
0.0001155606   -2.2809055553 
-0.0004146922   3.9600537475 
0.0008322025   6.6639133080 
0.0009407564   -6.5604302587 
