00000000000000000010110001000010   11111011011011011010111001001111 
00000000000000000001011110001111   00000100101100011011000011100110 
00000000000000000010100111101011   11111001100010111000111101101101 
11111111111111111100111001001100   11110110101101001110000011111011 
00000000000000000001001101011001   00000000001100100110101101010010 
11111111111111111110010111110111   00000100100010001110101010010111 
00000000000000000000100111000010   00000110110100101001001000011101 
11111111111111111110000111001110   11111101100101111100001011110011 
00000000000000000000001101011110   11111101011110011111100010101100 
11111111111111111101011111011010   00000010001001011010001001011100 
11111111111111111101010000110101   11111110011111010000100001001000 
11111111111111111110100111000010   00000010110010101101101000101111 
11111111111111111111100101100000   11111010000001000110111110000000 
00000000000000000010001110110101   00000011101100111101010011111001 
00000000000000000000001100110000   00001001011110000011110110101110 
11111111111111111110010110111101   11110111010100000000101000001000 
00000000000000000000011110010010   11111101101110000001011010010010 
11111111111111111110010011010010   00000011111101011100011000010101 
00000000000000000011011010001010   00000110101010011111011000111000 
00000000000000000011110110100111   11111001011100001000011110100100 
