00000000000000000000000000000000
00000000111000111000111000111010
11111111111111111111011001010110
00000000000000000000010011111110
11111111111111111111100110000101
00000000000000000000010101010011
00000000000000000110001000100011
11111111111111111111101001000110
00000000000000000000000101101101
00000000000000000000110010000111
11111111111111111111111010101111
11111111111111111110110101010101
00000000000000000001110011110110
11111111111111111111100000001101
00000000000000000000000100011001
00000000000000000000100110100011
00000000000000000000000001010011
00000000000000000000001100000001
11111111111111111111110010110110
11111111111111111111100100100101
00000000000000000000100000101100
11111111111111111111011010011101 
