00000000000000001000000000000000
00000000000000001000001000000100
00000000000000001000010000010000
00000000000000001000011000100100
00000000000000001000100001000001
00000000000000001000101001100110
00000000000000001000110010010100
00000000000000001000111011001011
00000000000000001001000100001011
00000000000000001001001101010011
00000000000000001001010110100101
00000000000000001001100000000000
00000000000000001001101001100101
00000000000000001001110011010100
00000000000000001001111101001100
00000000000000001010000111001110
00000000000000001010010001011010
00000000000000001010011011110001
00000000000000001010100110010010
00000000000000001010110000111110
00000000000000001010111011110100
00000000000000001011000110110101
00000000000000001011010010000010
00000000000000001011011101011001
00000000000000001011101000111101
00000000000000001011110100101011
00000000000000001100000000100110
00000000000000001100001100101101
00000000000000001100011001000000
00000000000000001100100101011111
00000000000000001100110010001011
00000000000000001100111111000011
00000000000000001101001100001001
00000000000000001101011001011100
00000000000000001101100110111100
00000000000000001101110100101010
00000000000000001110000010100101
00000000000000001110010000101111
00000000000000001110011111000111
00000000000000001110101101101101
00000000000000001110111100100010
00000000000000001111001011100110
00000000000000001111011010111001
00000000000000001111101010011100
00000000000000001111111010001110
00000000000000010000001010010001
00000000000000010000011010100011
00000000000000010000101011000110
00000000000000010000111011111001
00000000000000010001001100111110
00000000000000010001011110010011
00000000000000010001101111111010
00000000000000010010000001110011
00000000000000010010010011111110
00000000000000010010100110011011
00000000000000010010111001001011
00000000000000010011001100001110
00000000000000010011011111100100
00000000000000010011110011001101
00000000000000010100000111001010
00000000000000010100011011011100
00000000000000010100110000000001
00000000000000010101000100111100
00000000000000010101011010001011
