1.0
1.00024414062
1.00048840046
1.00073266029
1.00097703934
1.00122141838
1.00146591663
1.00171041489
1.00195503235
1.00219964981
1.00244438648
1.00268912315
1.00293397903
1.00317883492
1.00342381001
1.0036687851
1.00391387939
1.00415897369
1.0044041872
1.00464940071
1.00489473343
1.00514006615
1.00538551807
1.00563097
1.00587654114
1.00612217188
1.00636780262
1.00661355257
1.00685930252
1.00710517168
1.00735110044
1.00759702921
1.00784307718
1.00808912516
1.00833529234
1.00858151913
1.00882774591
1.00907409191
1.00932049751
1.00956690311
1.00981342793
1.01006001234
1.01030665636
1.01055330038
1.01080006361
1.01104688644
1.01129370928
1.01154065132
1.01178765297
1.01203471422
1.01228183508
1.01252895594
1.012776196
1.01302349567
1.01327085495
1.01351827383
1.01376575232
1.01401329041
1.0142608285
1.01450848579
1.0147562027
1.01500397921
1.01525181532
1.01549971104
