00000001000000000000000000000000
00000000111111111111000000000000
00000000111111111110000000000001
00000000111111111101000000000100
00000000111111111100000000000111
00000000111111111011000000001100
00000000111111111010000000010001
00000000111111111001000000011000
00000000111111111000000000011111
00000000111111110111000000101000
00000000111111110110000000110001
00000000111111110101000000111100
00000000111111110100000001000111
00000000111111110011000001010100
00000000111111110010000001100001
00000000111111110001000001110000
00000000111111110000000001111111
00000000111111101111000010010000
00000000111111101110000010100001
00000000111111101101000010110100
00000000111111101100000011000111
00000000111111101011000011011100
00000000111111101010000011110001
00000000111111101001000100001000
00000000111111101000000100011111
00000000111111100111000100110111
00000000111111100110000101010001
00000000111111100101000101101011
00000000111111100100000110000111
00000000111111100011000110100011
00000000111111100010000111000000
00000000111111100001000111011111
00000000111111100000000111111110
00000000111111011111001000011111
00000000111111011110001001000000
00000000111111011101001001100010
00000000111111011100001010000110
00000000111111011011001010101010
00000000111111011010001011001111
00000000111111011001001011110110
00000000111111011000001100011101
00000000111111010111001101000101
00000000111111010110001101101110
00000000111111010101001110011001
00000000111111010100001111000100
00000000111111010011001111110000
00000000111111010010010000011110
00000000111111010001010001001100
00000000111111010000010001111011
00000000111111001111010010101011
00000000111111001110010011011100
00000000111111001101010100001111
00000000111111001100010101000010
00000000111111001011010101110110
00000000111111001010010110101011
00000000111111001001010111100001
00000000111111001000011000011000
00000000111111000111011001010000
00000000111111000110011010001010
00000000111111000101011011000100
00000000111111000100011011111111
00000000111111000011011100111011
00000000111111000010011101111000
00000000111111000001011110110110
