1.0
1.01574707031
1.03173828125
1.04797363281
1.06448364258
1.08123779297
1.09826660156
1.11557006836
1.13314819336
1.15097045898
1.16909790039
1.1875
1.20620727539
1.22521972656
1.24450683594
1.26409912109
1.28399658203
1.30422973633
1.32476806641
1.34564208984
1.36682128906
1.38833618164
1.41021728516
1.43240356445
1.45498657227
1.47787475586
1.50115966797
1.52481079102
1.548828125
1.57321166992
1.59799194336
1.62313842773
1.6487121582
1.67468261719
1.70104980469
1.72784423828
1.75503540039
1.78268432617
1.81076049805
1.83926391602
1.86822509766
1.89764404297
1.92752075195
1.95788574219
1.98870849609
2.02005004883
2.05184936523
2.08416748047
2.11697387695
2.15032958984
2.18417358398
2.21856689453
2.25350952148
2.28900146484
2.32504272461
2.36166381836
2.39886474609
2.43664550781
2.47500610352
2.51397705078
2.55358886719
2.59378051758
2.63464355469
2.67611694336
