1.0
0.984466552734
0.969207763672
0.954193115234
0.939392089844
0.924835205078
0.910491943359
0.896392822266
0.882476806641
0.868804931641
0.855316162109
0.842071533203
0.829010009766
0.816162109375
0.803497314453
0.791046142578
0.778778076172
0.766723632812
0.754821777344
0.743133544922
0.731597900391
0.720245361328
0.709075927734
0.698089599609
0.687286376953
0.676605224609
0.666137695312
0.655792236328
0.645629882812
0.635620117188
0.625762939453
0.616058349609
0.606506347656
0.597106933594
0.587860107422
0.578735351562
0.569763183594
0.560943603516
0.55224609375
0.543670654297
0.535247802734
0.526947021484
0.518768310547
0.5107421875
0.502807617188
0.495025634766
0.487335205078
0.479797363281
0.472351074219
0.465026855469
0.457824707031
0.450714111328
0.443725585938
0.436859130859
0.430084228516
0.423400878906
0.416839599609
0.410369873047
0.404022216797
0.397766113281
0.3916015625
0.385528564453
0.379547119141
0.373657226562
