1.0
0.999755859375
0.999511778355
0.999267816544
0.999023854733
0.998780012131
0.998536169529
0.998292446136
0.998048722744
0.997805118561
0.997561514378
0.997318029404
0.99707454443
0.996831178665
0.996587812901
0.996344566345
0.99610131979
0.995858192444
0.995615065098
0.995372056961
0.995129048824
0.994886159897
0.994643270969
0.994400501251
0.994157731533
0.99391502142
0.993672430515
0.993429839611
0.993187367916
0.992944896221
0.992702484131
0.99246019125
0.992217898369
0.991975724697
0.991733551025
0.991491436958
0.991249442101
0.991007447243
0.99076551199
0.990523695946
0.990281879902
0.990040123463
0.989798426628
0.989556849003
0.989315271378
0.989073753357
0.988832354546
0.988590955734
0.988349616528
0.988108336926
0.987867116928
0.98762601614
0.987384915352
0.987143874168
0.98690289259
0.986661970615
0.986421108246
0.986180305481
0.985939621925
0.98569893837
0.985458314419
0.985217750072
0.984977245331
0.984736800194
