00000000000000001000000000000000
00000000000000001000110101110110
00000000000000001001110001010110
00000000000000001010110011001000
00000000000000001011111011110100
00000000000000001101001100001001
00000000000000001110100100111011
00000000000000010000000111000010
00000000000000010001110011011110
00000000000000010011101011010100
00000000000000001000110101110110
00000000000000001000111011100010
00000000000000001001000001010001
00000000000000001001000111000101
00000000000000001001001100111100
00000000000000001001010010110110
00000000000000001001011000110101
00000000000000001001011110111000
00000000000000001001100100111110
00000000000000001001101011001000
00000000000000001001110001010110
00000000000000001001110111101001
00000000000000001001111101111111
00000000000000001010000100011001
00000000000000001010001010111000
00000000000000001010010001011010
00000000000000001010011000000001
00000000000000001010011110101100
00000000000000001010100101011100
00000000000000001010101100010000
00000000000000001010110011001000
00000000000000001010111010000100
00000000000000001011000001000101
00000000000000001011001000001011
00000000000000001011001111010101
00000000000000001011010110100100
00000000000000001011011101110111
00000000000000001011100101001111
00000000000000001011101100101100
00000000000000001011110100001101
00000000000000001011111011110100
00000000000000001100000011011111
00000000000000001100001011001111
00000000000000001100010011000100
00000000000000001100011010111111
00000000000000001100100010111110
00000000000000001100101011000010
00000000000000001100110011001100
00000000000000001100111011011011
00000000000000001101000011101111
00000000000000001101001100001001
00000000000000001101010100101000
00000000000000001101011101001100
00000000000000001101100101110110
00000000000000001101101110100110
00000000000000001101110111011011
00000000000000001110000000010110
00000000000000001110001001010110
00000000000000001110010010011100
00000000000000001110011011101001
00000000000000001110100100111011
00000000000000001110101110010011
00000000000000001110110111110001
00000000000000001111000001010101
