00000001000000000000000000000000
00000001000000000001000000000000
00000001000000000010000000000010
00000001000000000011000000000100
00000001000000000100000000001000
00000001000000000101000000001100
00000001000000000110000000010010
00000001000000000111000000011000
00000001000000001000000000100000
00000001000000001001000000101000
00000001000000001010000000110010
00000001000000001011000000111100
00000001000000001100000001001000
00000001000000001101000001010100
00000001000000001110000001100010
00000001000000001111000001110000
00000001000000010000000010000000
00000001000000010001000010010000
00000001000000010010000010100010
00000001000000010011000010110100
00000001000000010100000011001000
00000001000000010101000011011100
00000001000000010110000011110010
00000001000000010111000100001000
00000001000000011000000100100000
00000001000000011001000100111001
00000001000000011010000101010010
00000001000000011011000101101101
00000001000000011100000110001000
00000001000000011101000110100101
00000001000000011110000111000011
00000001000000011111000111100001
00000001000000100000001000000001
00000001000000100001001000100001
00000001000000100010001001000011
00000001000000100011001001100110
00000001000000100100001010001001
00000001000000100101001010101110
00000001000000100110001011010100
00000001000000100111001011111010
00000001000000101000001100100010
00000001000000101001001101001011
00000001000000101010001101110101
00000001000000101011001110011111
00000001000000101100001111001011
00000001000000101101001111111000
00000001000000101110010000100101
00000001000000101111010001010100
00000001000000110000010010000100
00000001000000110001010010110101
00000001000000110010010011100111
00000001000000110011010100011001
00000001000000110100010101001101
00000001000000110101010110000010
00000001000000110110010110111000
00000001000000110111010111101111
00000001000000111000011000100111
00000001000000111001011001100000
00000001000000111010011010011001
00000001000000111011011011010100
00000001000000111100011100010000
00000001000000111101011101001101
00000001000000111110011110001011
00000001000000111111011111001010
