00000001000000000000000000000000
00000000111111000000011111110101
00000000111110000001111110101011
00000000111101000100011011100011
00000000111100000111110101011111
00000000111011001100001011100100
00000000111010010001011100110101
00000000111001010111101000010111
00000000111000011110101101010001
00000000110111100110101010101001
00000000110110101111011111101001
00000000110101111001001011011000
00000000110101000011101101000000
00000000110100001111000011101100
00000000110011011011001110100111
00000000110010101000001100111110
00000000110001110101111101111100
00000000110001000100100000110001
00000000110000010011110100101011
00000000101111100011111000111000
00000000101110110100101100101001
00000000101110000110001111001111
00000000101101011000011111111011
00000000101100101011011110000000
00000000101011111111001000110000
00000000101011010011011111100000
00000000101010101000100001100011
00000000101001111110001110001110
00000000101001010100100100111000
00000000101000101011100100110111
00000000101000000011001101100001
00000000100111011011011110001110
00000000100110110100010110010111
00000000100110001101110101010101
00000000100101100111111010100000
00000000100101000010100101010011
00000000100100011101110101001001
00000000100011111001101001011101
00000000100011010110000001101010
00000000100010110010111101001110
00000000100010010000011011100100
00000000100001101110011100001011
00000000100001001100111110100000
00000000100000101100000010000011
00000000100000001011100110010001
00000000011111101011101010101100
00000000011111001100001110110010
00000000011110101101010010000100
00000000011110001110110100000011
00000000011101110000110100010010
00000000011101010011010010010001
00000000011100110110001101100011
00000000011100011001100101101100
00000000011011111101011010001110
00000000011011100001101010101110
00000000011011000110010110110000
00000000011010101011011101111000
00000000011010010000111111101011
00000000011001110110111011110000
00000000011001011101010001101011
00000000011001000100000001000100
00000000011000101011001001100000
00000000011000010010101010101000
00000000010111111010100100000011
