-2.1210055586 
3.3032167423 
-5.0440577996 
-0.4038386258 
0.1852983390 
2.7324480234 
-2.2955700049 
2.4027731013 
-5.8926496969 
-1.7282330168 
-8.6868883833 
-2.8008405140 
2.5183056342 
-1.3262333699 
1.2637958673 
-6.8434793088 
-10.7963181989 
-6.3337999585 
2.9905492986 
1.9701354159 
-9.0070593407 
3.1480201713 
-10.9118919683 
3.8975944052 
-9.1329192949 
2.6042076735 
-3.6652320266 
-4.2766712261 
-9.2559135004 
-11.1772471111 
-4.4089391372 
-3.8401929506 
0.1934471189 
-10.4454079426 
-10.0789037727 
2.6026471932 
-5.0147610120 
-11.4025650593 
-3.4117325205 
-6.3055508745 
2.9330620158 
0.8877635392 
-3.2264022923 
-6.0029375257 
-1.3534138151 
-8.4426935031 
-2.6385149925 
-11.2880587858 
3.2699228092 
-5.5553590826 
