11111101111000010000010111000111 
00000011010011011001111110011100 
11111010111101001011100010100000 
11111111100110001001111000001000 
00000000001011110110111110110110 
00000010101110111000000110110110 
11111101101101000101010110000110 
00000010011001110001110000100011 
11111010000110110111101101001111 
11111110010001011001001010000101 
11110111010100000010100000010101 
11111101001100101111110000011101 
00000010100001001010111110101101 
11111110101011000111101111111000 
00000001010000111000100000100000 
11111001001010000001000110111101 
11110101001101000010010001111101 
11111001101010101000110000010101 
00000010111111011001010010100011 
00000001111110000101101011001011 
11110110111111100011000101011011 
00000011001001011110010010100110 
11110101000101101000111000111111 
00000011111001011100100010111111 
11110110110111011111100100000000 
00000010100110101010110101011010 
11111100010101011011001101011010 
11111011101110010010110000010011 
11110110101111100111110001110011 
11110100110100101001111111101110 
11111011100101110100111111000011 
11111100001010001110100100011101 
00000000001100011000010111000000 
11110101100011011111100110111110 
11110101111010111100110011110110 
00000010100110100100011100010110 
11111010111111000011100010011111 
11110100100110001111000101111111 
11111100100101101001100010110010 
11111001101100011100011101101010 
00000010111011101101110100100110 
00000000111000110100010001111000 
11111100110001100000101001111111 
11111001111111110011111101111100 
11111110101001011000011010101100 
11110111100011101010101110100011 
11111101010111001000101001001000 
11110100101101100100000111000111 
00000011010001010001100110101001 
11111010011100011101001111111100 
