0.0867004395 
0.5896911621 
0.0195007324 
1.1823425293 
1081.8509826660 
789.4980773926 
35.9084777832 
41737.2218933105 
24.2236022949 
2622.2744750977 
2349.1536560059 
0.0086059570 
6.1134948730 
27659.4547729492 
291.2372436523 
45.1255798340 
61.0879821777 
0.1894531250 
19.6746826172 
41.2571716309 
0.0235290527 
277.3280334473 
93.2057189941 
721.5745849609 
0.0425720215 
127.1596069336 
0.1422119141 
1158.0443115234 
0.3543395996 
0.0105285645 
1534.2422485352 
0.0178527832 
21484.4981079102 
6.8313903809 
1635.4786682129 
121.4278564453 
27164.0475158691 
14.2722778320 
0.5648498535 
0.2558593750 
2.9427185059 
0.1433105469 
0.0160217285 
0.0045471191 
144.9496459961 
0.0058593750 
0.7333068848 
5.1182250977 
0.0152282715 
0.0078430176 
11388.7796020508 
624.4971008301 
0.0029602051 
2.3856811523 
13.8023376465 
0.2239990234 
0.1538391113 
0.0500488281 
20686.2572937012 
68.0277404785 
6408.8594970703 
0.0069885254 
0.2838745117 
0.0550537109 
1.6717529297 
0.0039367676 
10.2654418945 
40567.6036376953 
0.1797790527 
11828.7022705078 
0.0053100586 
0.0099487305 
39553.2623291016 
216.7407836914 
11.6928405762 
0.0447082520 
0.0521850586 
1522.8635864258 
0.0477600098 
0.2174987793 
2.7041625977 
0.0202331543 
0.1931457520 
407.1099548340 
50.8506164551 
799.3474121094 
19986.9310913086 
26835.3444519043 
3948.3501586914 
0.0120544434 
0.0249938965 
0.6650085449 
1525.6747741699 
80.4192810059 
1472.2286376953 
1.6907653809 
33.0575866699 
0.0412902832 
1.6167907715 
2.0989990234 
5096.2300109863 
51.5494079590 
8606.0646362305 
16881.0126953125 
0.0029296875 
34743.0392456055 
0.2474975586 
110.3009643555 
0.4835205078 
0.0058593750 
6.6672973633 
10.4136047363 
3.1233825684 
21.4579162598 
885.2705383301 
0.0975952148 
46.7689208984 
92.2326660156 
0.5706787109 
491.3710021973 
26.3524169922 
2.5557556152 
1.5011596680 
0.0058593750 
0.0849609375 
200.7798461914 
0.0121765137 
2.1195373535 
1.5044555664 
1106.4723205566 
0.0069274902 
2814.2722778320 
0.0031738281 
0.0026245117 
1.8277893066 
15938.3565673828 
0.5849609375 
9.6284179688 
94.6069946289 
0.2200622559 
26.2592468262 
201.0787963867 
4.7604980469 
15.1920776367 
0.0028991699 
0.0802917480 
6.2766723633 
334.9259948730 
7872.4108886719 
0.0072326660 
0.0187377930 
9667.1709899902 
4062.6105041504 
8832.5790710449 
40287.2985839844 
0.0325317383 
0.1147766113 
0.0555114746 
679.3209533691 
2330.3119506836 
151.0762939453 
0.0057373047 
2731.1747436523 
110.7991638184 
773.5298461914 
18.3557739258 
0.1938781738 
15128.4932861328 
16.7500305176 
0.1928710938 
0.0031738281 
620.0156250000 
7179.6620178223 
1.5533142090 
4659.2933349609 
1.0505676270 
0.0146179199 
0.0045166016 
12.7316894531 
1071.0413208008 
0.5973815918 
4809.5784606934 
14.9205627441 
22.2688598633 
0.0222167969 
26.0716857910 
8.2125244141 
0.0527954102 
15.3620910645 
0.0107421875 
22.2811279297 
53085.2075805664 
10355.8638916016 
101.4950866699 
53118.8173217773 
35644.4519348145 
415.1986999512 
1562.9565734863 
5.5090942383 
19137.7492370605 
0.2871398926 
258.6586303711 
30.9073181152 
136.4670104980 
54850.3900451660 
0.0202331543 
8.7961120605 
0.0778198242 
0.0043029785 
0.0333251953 
9.6284179688 
0.0114440918 
16058.7850646973 
0.0248718262 
0.8618164062 
29682.7598876953 
0.0072021484 
54.8480529785 
6.3004760742 
3.4418640137 
1.0280456543 
51.4715576172 
0.0505065918 
0.0194091797 
0.0223083496 
1980.0171813965 
47434.7415466309 
169.6868286133 
164.2246093750 
4387.2882080078 
75.0940856934 
1678.0147094727 
430.6498718262 
0.7733459473 
887.9175720215 
2360.2645568848 
214.5033569336 
0.9381713867 
126.8563537598 
3.0017089844 
0.2106323242 
3153.5311279297 
1.4741516113 
0.3590087891 
22567.5822448730 
27.0174865723 
14539.4568481445 
3094.5815124512 
0.0101623535 
38.9904479980 
105.2507019043 
4.9375305176 
0.0276794434 
33.3695983887 
0.2212829590 
20.7131652832 
0.7689514160 
30.6615295410 
0.6539916992 
9123.3880004883 
186.8887634277 
4.8176574707 
845.0606384277 
11889.0401611328 
12681.5933837891 
13.8068542480 
0.3118286133 
28906.3753662109 
92.2409973145 
0.0029296875 
4753.9947814941 
0.0050964355 
11474.0934448242 
35.1729125977 
225.2239990234 
0.0054931641 
59.3051452637 
1.1369323730 
0.0053710938 
1456.4324035645 
19.9049377441 
0.5473937988 
2522.6779174805 
11596.0056762695 
57.3606872559 
113.1001892090 
38.1034851074 
71.9183044434 
0.0650634766 
0.0308532715 
52968.9179687500 
0.0073242188 
24.2033691406 
0.0094299316 
230.6137695312 
0.0100097656 
34855.9679260254 
1034.6234130859 
762.6955566406 
0.3779296875 
0.0985717773 
72.3731994629 
588.2268981934 
1.3189697266 
19844.7413330078 
0.0468444824 
31731.6083984375 
0.3826293945 
41842.7564086914 
44.2300415039 
531.9379577637 
0.0423278809 
4231.3628540039 
2.6210021973 
0.0116577148 
2.5032958984 
34.7658996582 
0.0095825195 
72.9996643066 
0.0028686523 
0.0129089355 
2832.8796997070 
1.3361511230 
0.0676574707 
10470.6048278809 
50.1542968750 
5.5826721191 
41.3607482910 
0.2166748047 
10.6891479492 
3934.0675964355 
0.0084838867 
1346.3608093262 
149.6088562012 
927.2779541016 
1780.6901855469 
295.3452148438 
30551.2350463867 
9393.6721191406 
982.2495727539 
31.0611877441 
13.1208801270 
73.2329406738 
0.4059753418 
250.4471740723 
0.0283508301 
58.8569335938 
3.0051879883 
0.0728149414 
0.0068664551 
28878.1431884766 
0.3423156738 
11467.6639709473 
4039.0488586426 
190.9016418457 
38376.9221191406 
36.8830871582 
78.7480773926 
13371.2754211426 
0.2576904297 
1.1594543457 
0.2595214844 
52.3707580566 
28.2544250488 
53534.9056396484 
0.0203552246 
97.9777221680 
747.4906616211 
16507.3627929688 
9.1878051758 
0.0095520020 
8564.5205078125 
0.2586669922 
3.1290283203 
0.0328979492 
758.2879943848 
0.0032348633 
0.4195861816 
18.9691162109 
6.8350524902 
0.0787353516 
258.6224060059 
200.0506591797 
8080.0990905762 
1609.1404724121 
4748.9003906250 
31.2959289551 
3308.5467529297 
0.8643798828 
1885.2732849121 
0.0270385742 
0.0724182129 
457.1076354980 
7542.0929565430 
86.1843566895 
333.5853576660 
4.4081115723 
11.7176208496 
8090.8337402344 
0.0177612305 
0.0357666016 
7.9725952148 
516.0805358887 
1810.6762390137 
0.0656433105 
10425.1041259766 
7.4302978516 
669.9394531250 
116.1643371582 
244.4640808105 
1.3758239746 
22.4251708984 
0.0582580566 
0.0095214844 
0.2810668945 
0.0070800781 
888.1391601562 
17.8867492676 
1928.5455627441 
2231.2843322754 
19.0027160645 
16.0552673340 
8.3507690430 
3.1940002441 
12660.8213195801 
8570.9499511719 
1.0985412598 
0.0495300293 
0.9692382812 
0.4692077637 
0.6012878418 
14890.8509521484 
1.0916748047 
0.0524902344 
1.6144714355 
29.2872619629 
0.0045166016 
0.0083618164 
0.6836547852 
8.0488281250 
5539.8076171875 
10.9550170898 
0.1428833008 
650.3885192871 
32.6708068848 
1.8780822754 
0.0346984863 
0.4505310059 
15533.0539855957 
1.2130126953 
13699.9191894531 
5.4842224121 
25.8301696777 
8.9118041992 
31.5901489258 
0.0368347168 
16.4210205078 
0.6292419434 
2041.4618530273 
482.7159118652 
0.4516296387 
139.7561035156 
181.5126037598 
43819.6801147461 
3.2601013184 
2.5496215820 
0.2805786133 
61.5095520020 
837.2427368164 
0.1225585938 
7.7396545410 
0.0050354004 
7.8109130859 
0.0392150879 
5342.3082580566 
0.0079650879 
7.5466308594 
94.7586364746 
0.0336914062 
0.0216369629 
11.8039855957 
14359.6795654297 
1.2309570312 
0.0048522949 
900.2538452148 
0.1458129883 
0.0412292480 
1.2794494629 
1.2215270996 
0.0065002441 
0.0756530762 
11952.5928039551 
668.5974731445 
0.2340698242 
0.0433654785 
0.0130920410 
0.0029602051 
8.6173095703 
0.0267639160 
0.0583801270 
