0.0869047502 
0.5885644198 
0.0195698622 
1.1824270326 
1081.8784008732 
789.5409389958 
35.9106739112 
41738.2453950833 
24.1778575251 
2622.4194854152 
2349.3182358057 
0.0086487489 
6.1021056321 
27715.0198265288 
290.6789777375 
45.2155258687 
60.9687267341 
0.1898669062 
19.6372888857 
41.2586006887 
0.0235617838 
277.8806374681 
93.2088645317 
720.1853136685 
0.0426121413 
127.4149947238 
0.1422426823 
1155.8100222909 
0.3544076869 
0.0105547969 
1534.3509811887 
0.0178862450 
21484.8094601529 
6.8187154873 
1638.8184268513 
121.4315568294 
27165.2515734443 
14.2726758251 
0.5637953906 
0.2559094004 
2.9486630330 
0.1430321132 
0.0160742549 
0.0045682902 
144.6722572354 
0.0059156859 
0.7319151437 
5.1183920624 
0.0152794107 
0.0078588388 
11412.3774890519 
623.2990819628 
0.0029864822 
2.3857638067 
13.7764276918 
0.2244823387 
0.1535789142 
0.0501655014 
20647.5380037690 
68.1639681016 
6396.4652580443 
0.0070244063 
0.2839253338 
0.0550902622 
1.6718565996 
0.0039677323 
10.2660814151 
40647.4845228742 
0.1798193188 
11806.1315953647 
0.0053317362 
0.0099806714 
39555.6328305509 
216.7531255745 
11.6933141583 
0.0446351287 
0.0522057562 
1525.9306193102 
0.0476979530 
0.2179497511 
2.7043437322 
0.0202080614 
0.1931749645 
407.9325457159 
50.7528857702 
799.4209857745 
20026.9429007070 
26837.8442472931 
3948.4813725937 
0.0120851068 
0.0250046604 
0.6650426016 
1522.7828722779 
80.4248955429 
1472.2843766952 
1.6941290230 
32.9962502159 
0.0413213475 
1.6200595570 
2.0950141720 
5096.2539941854 
51.5537069765 
8623.3464232101 
16848.3067627551 
0.0029497092 
34744.8624702748 
0.2470688162 
110.5177925894 
0.4825969739 
0.0059116949 
6.6676630447 
10.4140296661 
3.1236865174 
21.4170043981 
885.3052815995 
0.0976209826 
46.7687326492 
92.2376519037 
0.5718459326 
491.4069311303 
26.3023370657 
2.5557932307 
1.5011835761 
0.0059134681 
0.0848314584 
201.1890895884 
0.0121599980 
2.1237698486 
1.5016151308 
1106.4866185735 
0.0069551273 
2819.7825087316 
0.0031899764 
0.0026332143 
1.8278999173 
15970.8445289351 
0.5849357386 
9.6289515947 
94.4285953638 
0.2205246440 
26.2603604913 
200.7003812564 
4.7701332592 
15.1624571123 
0.0029342521 
0.0803202080 
6.2769751963 
335.5884242483 
7872.8520347916 
0.0072350875 
0.0187643251 
9667.9497182747 
4062.5803314396 
8850.2782183939 
40211.0101710982 
0.0326240884 
0.1148279007 
0.0554245421 
680.6725778025 
2330.4621645953 
150.7781796967 
0.0057833428 
2725.9588128006 
111.0154894694 
773.5672001079 
18.3209835138 
0.1942935123 
15128.6551541586 
16.7505810309 
0.1929007943 
0.0031965322 
620.0222087560 
7194.2127098669 
1.5502938660 
4668.6372843828 
1.0485902279 
0.0146250725 
0.0045496926 
12.7574711705 
1068.9806813649 
0.5973895956 
4819.2788160353 
14.8924788013 
22.3132946190 
0.0222339868 
26.0228683768 
8.2134247699 
0.0528279384 
15.3929849799 
0.0107518007 
22.2393829353 
53188.8625300446 
10356.6400501647 
101.3037084590 
53120.5837353758 
35646.1563011735 
416.0374354597 
1563.0347016764 
5.4984696379 
19176.5702724894 
0.2866149235 
258.6692440167 
30.9699255805 
136.4741354546 
54852.4136126630 
0.0202462781 
8.7793120556 
0.0778348301 
0.0043234187 
0.0334014915 
9.6103646505 
0.0114662677 
16090.5728986831 
0.0249051570 
0.8601842620 
29683.7226489060 
0.0072346010 
54.8516419092 
6.3009000440 
3.4420680387 
1.0300679136 
51.4750385485 
0.0504359769 
0.0194757633 
0.0222760990 
1980.1274952449 
47433.8970652424 
170.0268018543 
164.2373289696 
4387.3425408410 
75.1002507450 
1678.0532244173 
429.8361239054 
0.7749039777 
886.2065988406 
2360.4076932143 
214.9401067418 
0.9381707757 
126.6141081028 
3.0019233436 
0.2106949720 
3153.8008599202 
1.4771372964 
0.3583556249 
22613.4833690425 
27.0188705669 
14540.7571272822 
3088.6462899666 
0.0101884916 
38.9149734944 
105.4640568852 
4.9376991931 
0.0276976081 
33.3714267019 
0.2213154808 
20.7144738960 
0.7674892339 
30.6641441928 
0.6540139442 
9123.6855887974 
187.2609264489 
4.8084795605 
845.1220481259 
11912.2611434955 
12657.2910052864 
13.8341866412 
0.3118968648 
28852.5904718482 
92.4248320357 
0.0029437041 
4763.5356639212 
0.0051081293 
11474.2643477881 
35.2438358022 
225.2351221499 
0.0055284681 
59.4219686927 
1.1347435019 
0.0054107582 
1456.4947643461 
19.9055108341 
0.5463822677 
2527.6452048907 
11596.8941141723 
57.2523134131 
113.3268354625 
38.1042377044 
71.9240328472 
0.0650903583 
0.0308637235 
52865.8117957043 
0.0073570144 
24.1573804847 
0.0094557185 
230.6118717317 
0.0100206097 
34790.0589288701 
1034.6296021354 
764.2394892297 
0.3779185597 
0.0984238432 
72.5185018399 
588.2699754544 
1.3164742417 
19883.6692134788 
0.0467737175 
31734.7177989281 
0.3826186758 
41842.4700796625 
44.3197056065 
531.9536938590 
0.0423612165 
4231.5615206610 
2.6210553201 
0.0116782496 
2.4984095464 
34.8354654762 
0.0095823414 
73.1446566186 
0.0028943896 
0.0129313187 
2827.4059027585 
1.3388384604 
0.0676973200 
10450.7401036770 
50.1556462933 
5.5936466366 
41.3638238621 
0.2166943103 
10.6687897961 
3941.9389744931 
0.0085049868 
1343.7472644261 
149.6048054173 
927.3441182129 
1780.6753830190 
295.9329145307 
30554.1433992656 
9394.5389074980 
982.2909594132 
31.0026943545 
13.1215252632 
73.2351679739 
0.4068290897 
249.9738675211 
0.0283745569 
58.9752465794 
2.9996029397 
0.0728652411 
0.0068773023 
28935.7357025986 
0.3423983923 
11468.3850785408 
4031.3612285824 
190.9094389493 
38453.7066744207 
36.8857146621 
78.5993847972 
13397.5462263250 
0.2577351012 
1.1595937494 
0.2590487010 
52.3735283611 
28.2569123703 
53538.9888913884 
0.0204020069 
97.9815317395 
746.1015092716 
16539.7147606101 
9.1882369045 
0.0095514885 
8582.0437988838 
0.2582157616 
3.1292708913 
0.0329984662 
756.8394964223 
0.0032682288 
0.4188143054 
18.9700193846 
6.8351593449 
0.0787803187 
258.6237780253 
200.0588289244 
8080.5165457514 
1609.1922949377 
4758.5602011362 
31.2964957400 
3308.8705848773 
0.8643818742 
1885.3623119285 
0.0270497598 
0.0724334196 
457.1233188798 
7542.6414256887 
86.0171650426 
334.2648501999 
4.3996564780 
11.7415420231 
8075.1272032079 
0.0177685180 
0.0357867328 
7.9733325167 
516.0879057052 
1814.3403163587 
0.0656607441 
10405.5564662982 
7.4450941799 
668.6820813116 
116.3955139266 
244.4683258754 
1.3732531499 
22.4248818802 
0.0582864316 
0.0095520095 
0.2810844798 
0.0070978460 
888.1465356456 
17.9230351804 
1928.6441369069 
2231.3427479862 
19.0032331987 
16.0248919289 
8.3510717250 
3.1942100310 
12661.8276676467 
8571.4549553252 
1.1007608159 
0.0494694322 
0.9693194012 
0.4701498728 
0.6013065752 
14862.2953314296 
1.0939218092 
0.0525211725 
1.6145218646 
29.2879625698 
0.0045300299 
0.0084046384 
0.6836858519 
8.0493849370 
5540.3434970759 
10.9554100764 
0.1426401648 
651.6797671652 
32.6095809711 
1.8817731435 
0.0347273334 
0.4505564684 
15504.0565979651 
1.2130908543 
13727.5115579679 
5.4737472466 
25.8821838242 
8.9123970810 
31.5310178378 
0.0368598852 
16.4214224808 
0.6292793132 
2045.5865873413 
482.7701637411 
0.4516345838 
139.7604919034 
181.1649821131 
43907.7154401904 
3.2603890446 
2.5497653110 
0.2806170235 
61.5120445332 
837.2661236640 
0.1225864461 
7.7400077831 
0.0050489224 
7.8110851645 
0.0392387733 
5352.9731921716 
0.0079779007 
7.5471130917 
94.7641380857 
0.0337758027 
0.0216613068 
11.7811876564 
14360.4667968440 
1.2334587409 
0.0048768058 
900.2863774719 
0.1461354235 
0.0411735136 
1.2795128147 
1.2240067075 
0.0065163243 
0.0758236635 
11930.3256963498 
668.6385062696 
0.2345840122 
0.0433062921 
0.0131380911 
0.0029822037 
8.6180695227 
0.0268437530 
0.0584179818 
