00000000000000000000101100011001 
00000000000000000100101101111011 
00000000000000000000001001111111 
00000000000000001001011101010111 
00000010000111001110110011101101 
00000001100010101011111111000001 
00000000000100011111010001001001 
01010001100001001001110001100111 
00000000000011000001110010011111 
00000101000111110010001100100010 
00000100100101101001001110101011 
00000000000000000000000100011010 
00000000000000110000111010000111 
00110110000001011011101000110110 
00000000100100011001111001011110 
00000000000101101001000000010011 
00000000000111101000101101000011 
00000000000000000001100001000000 
00000000000010011101011001011100 
00000000000101001010000011101011 
00000000000000000000001100000011 
00000000100010101010100111111101 
00000000001011101001101001010101 
00000001011010001100100110001100 
00000000000000000000010101110011 
00000000001111111001010001101110 
00000000000000000001001000110100 
00000010010000110000010110101100 
00000000000000000010110101011011 
00000000000000000000000101011001 
00000010111111110001111100000010 
00000000000000000000001001001001 
00101001111101100011111111000010 
00000000000000110110101001101011 
00000011001100011011110101000101 
00000000001111001011011011000100 
00110101000011100000011000010101 
00000000000001110010001011011010 
00000000000000000100100001001101 
00000000000000000010000011000000 
00000000000000010111100010101011 
00000000000000000001001001011000 
00000000000000000000001000001101 
00000000000000000000000010010101 
00000000010010000111100110001110 
00000000000000000000000011000000 
00000000000000000101110111011101 
00000000000000101000111100100010 
00000000000000000000000111110011 
00000000000000000000000100000001 
00010110001111100110001111001010 
00000001001110000011111110100001 
00000000000000000000000001100001 
00000000000000010011000101011110 
00000000000001101110011010110011 
00000000000000000001110010101100 
00000000000000000001001110110001 
00000000000000000000011001101000 
00101000011001110010000011101111 
00000000001000100000001110001101 
00001100100001000110111000000100 
00000000000000000000000011100101 
00000000000000000010010001010110 
00000000000000000000011100001100 
00000000000000001101010111111100 
00000000000000000000000010000001 
00000000000001010010000111111010 
01001111001110111100110101000100 
00000000000000000001011100000011 
00010111000110100101100111100100 
00000000000000000000000010101110 
00000000000000000000000101000110 
01001101010000001010000110010100 
00000000011011000101111011010010 
00000000000001011101100010101111 
00000000000000000000010110111001 
00000000000000000000011010101110 
00000010111110010110111010001010 
00000000000000000000011000011101 
00000000000000000001101111010111 
00000000000000010101101000100010 
00000000000000000000001010010111 
00000000000000000001100010111001 
00000000110010111000111000010011 
00000000000110010110110011100001 
00000001100011111010110001111000 
00100111000010010111011100101110 
00110100011010011010110000010111 
00000111101101100010110011010010 
00000000000000000000000110001011 
00000000000000000000001100110011 
00000000000000000101010100011111 
00000010111110101101011001011111 
00000000001010000011010110101011 
00000010111000000001110101000100 
00000000000000001101100001101011 
00000000000100001000011101011111 
00000000000000000000010101001001 
00000000000000001100111011110011 
00000000000000010000110010101100 
00001001111101000001110101110001 
00000000000110011100011001010011 
00010000110011110000100001000110 
00100000111110001000000110100000 
00000000000000000000000001100000 
01000011110110111000010100000110 
00000000000000000001111110101110 
00000000001101110010011010000110 
00000000000000000011110111100100 
00000000000000000000000011000000 
00000000000000110101010101101010 
00000000000001010011010011110001 
00000000000000011000111111001011 
00000000000010101011101010011101 
00000001101110101010001010100001 
00000000000000000000110001111110 
00000000000101110110001001101100 
00000000001011100001110111001000 
00000000000000000100100100001100 
00000000111101011010111101111101 
00000000000011010010110100011100 
00000000000000010100011100100011 
00000000000000001100000000100110 
00000000000000000000000011000000 
00000000000000000000101011100000 
00000000011001000110001111010010 
00000000000000000000000110001111 
00000000000000010000111101001101 
00000000000000001100000010010010 
00000010001010010011110001110101 
00000000000000000000000011100011 
00000101011111110010001011011010 
00000000000000000000000001101000 
00000000000000000000000001010110 
00000000000000001110100111110101 
00011111001000010010110110100100 
00000000000000000100101011100000 
00000000000001001101000001110000 
00000000001011110100110110110010 
00000000000000000001110000101011 
00000000000011010010000100101111 
00000000011001001000101000010110 
00000000000000100110000101011000 
00000000000001111001100010010110 
00000000000000000000000001011111 
00000000000000000000101001000111 
00000000000000110010001101101010 
00000000101001110111011010000111 
00001111011000000011010010011000 
00000000000000000000000011101101 
00000000000000000000001001100110 
00010010111000011001010111100011 
00000111111011110100111000100101 
00010001010000000100101000011111 
01001110101011111010011000111000 
00000000000000000000010000101010 
00000000000000000000111010110001 
00000000000000000000011100011011 
00000001010100111010100100010101 
00000100100011010010011111101110 
00000000010010111000100111000100 
00000000000000000000000010111100 
00000101010101011001011001011110 
00000000001101110110011001001011 
00000001100000101100001111010010 
00000000000010010010110110001010 
00000000000000000001100011010001 
00011101100011000011111100100100 
00000000000010000110000000000001 
00000000000000000001100010110000 
00000000000000000000000001101000 
00000001001101100000001000000000 
00001110000001011101010010111101 
00000000000000001100011011010011 
00001001000110011010010110001100 
00000000000000001000011001111001 
00000000000000000000000111011111 
00000000000000000000000010010100 
00000000000001100101110110101000 
00000010000101111000010101001010 
00000000000000000100110001110111 
00001001011001001100101000001011 
00000000000001110111010111010101 
00000000000010110010001001101010 
00000000000000000000001011011000 
00000000000011010000100100101101 
00000000000001000001101100110100 
00000000000000000000011011000010 
00000000000001111010111001011001 
00000000000000000000000101100000 
00000000000010110010001111111100 
01100111101011101001101010010010 
00010100001110011110111010010100 
00000000001100101011111101011111 
01100111101111110110100010011110 
01000101100111100011100111011001 
00000000110011111001100101101111 
00000011000011010111101001110001 
00000000000000101100000100101010 
00100101011000001101111111100111 
00000000000000000010010011000001 
00000000100000010101010001001110 
00000000000011110111010000100011 
00000000010001000011101111000111 
01101011001000010011000111101101 
00000000000000000000001010010111 
00000000000001000110010111100111 
00000000000000000000100111110110 
00000000000000000000000010001101 
00000000000000000000010001000100 
00000000000001001101000001110000 
00000000000000000000000101110111 
00011111010111010110010001111101 
00000000000000000000001100101111 
00000000000000000110111001010000 
00111001111110010110000101000100 
00000000000000000000000011101100 
00000000000110110110110010001101 
00000000000000110010011001110110 
00000000000000011011100010001111 
00000000000000001000001110010111 
00000000000110011011110001011100 
00000000000000000000011001110111 
00000000000000000000001001111100 
00000000000000000000001011011011 
00000011110111100000001000110011 
01011100101001010101111011101011 
00000000010101001101011111101010 
00000000010100100001110011000000 
00001000100100011010010011100100 
00000000001001011000110000001011 
00000011010001110000000111100010 
00000000110101110101001100101111 
00000000000000000110001011111101 
00000001101110111111010101110011 
00000100100111000010000111011101 
00000000011010110100000001101110 
00000000000000000111100000010110 
00000000001111110110110110011101 
00000000000000011000000000111000 
00000000000000000001101011110110 
00000110001010001100001111111100 
00000000000000001011110010110001 
00000000000000000010110111110100 
00101100000100111100101010000111 
00000000000011011000001000111101 
00011100011001011011101001111010 
00000110000010110100101001101111 
00000000000000000000000101001101 
00000000000100110111111011000111 
00000000001101001010000000010111 
00000000000000100111100000000001 
00000000000000000000001110001011 
00000000000100001010111101001111 
00000000000000000001110001010011 
00000000000010100101101101001001 
00000000000000000110001001101101 
00000000000011110101010010101101 
00000000000000000101001110110110 
00010001110100011011000110101010 
00000000010111010111000111000011 
00000000000000100110100010101001 
00000001101001101000011111000011 
00010111001110001000010100100100 
00011000110001001100101111110100 
00000000000001101110011101000111 
00000000000000000010011111101010 
00111000011101010011000000001100 
00000000001011100001111011011001 
00000000000000000000000001100000 
00001001010010001111111101010101 
00000000000000000000000010100111 
00010110011010010000101111110110 
00000000000100011001011000100010 
00000000011100001001110010101100 
00000000000000000000000010110100 
00000000000111011010011100001111 
00000000000000001001000110000111 
00000000000000000000000010110000 
00000010110110000011011101011001 
00000000000010011111001111010101 
00000000000000000100011000010001 
00000100111011010101011011000110 
00010110101001100000000010111010 
00000000000111001010111000101011 
00000000001110001000110011010011 
00000000000100110000110100111111 
00000000001000111111010110001011 
00000000000000000000100001010100 
00000000000000000000001111110011 
01100111011101000111010110000000 
00000000000000000000000011110000 
00000000000011000001101000001000 
00000000000000000000000100110101 
00000000011100110100111010010000 
00000000000000000000000101001000 
01000100000100111111101111100101 
00000010000001010100111111001100 
00000001011111010101100100001000 
00000000000000000011000001100000 
00000000000000000000110010011110 
00000000001001000010111111000101 
00000001001001100001110100001011 
00000000000000001010100011010100 
00100110110000100101111011100100 
00000000000000000000010111111111 
00111101111110011100110111100000 
00000000000000000011000011111010 
01010001101110010110000011010010 
00000000000101100001110101110010 
00000001000010011111100000001111 
00000000000000000000010101101011 
00001000010000111010111001110010 
00000000000000010100111101111101 
00000000000000000000000101111110 
00000000000000010100000001101100 
00000000000100010110001000001001 
00000000000000000000000100111010 
00000000001001000111111111110101 
00000000000000000000000001011110 
00000000000000000000000110100111 
00000101100010000111000010011010 
00000000000000001010101100000111 
00000000000000000000100010101001 
00010100011100110100110101101011 
00000000000110010001001111000000 
00000000000000101100101010010101 
00000000000101001010111000101101 
00000000000000000001101110111100 
00000000000001010101100000110110 
00000111101011110000100010100111 
00000000000000000000000100010110 
00000010101000010010111000101111 
00000000010010101100110111101111 
00000001110011111010001110010100 
00000011011110100101100001011000 
00000000100100111010110000110000 
00111011101010111001111000010110 
00010010010110001101011000001000 
00000001111010110001111111110010 
00000000000011111000011111010101 
00000000000001101000111101111001 
00000000001001001001110111010001 
00000000000000000011001111110111 
00000000011111010011100100111101 
00000000000000000000001110100001 
00000000000111010110110110110000 
00000000000000011000000010101010 
00000000000000000000100101010010 
00000000000000000000000011100001 
00111000011001110001001001010100 
00000000000000000010101111010001 
00010110011001011101010011111101 
00000111111000111000011001000001 
00000000010111110111001101101001 
01001010111101000111011000001000 
00000000000100100111000100001001 
00000000001001110101111111000001 
00011010000111011010001101000001 
00000000000000000010000011111100 
00000000000000001001010001101001 
00000000000000000010000100111000 
00000000000110100010111101110101 
00000000000011100010000010010001 
01101000100011110111001111101100 
00000000000000000000001010011011 
00000000001100001111110100100110 
00000001011101011011111011001110 
00100000001111011010111001110000 
00000000000001001001100000001010 
00000000000000000000000100111001 
00010000101110100100001010100000 
00000000000000000010000100011100 
00000000000000011001000010000100 
00000000000000000000010000110110 
00000001011110110010010011011101 
00000000000000000000000001101010 
00000000000000000011010110110101 
00000000000010010111110000001100 
00000000000000110110101011100011 
00000000000000000000101000010100 
00000000100000010100111110101011 
00000000011001000000011001111100 
00001111110010000000110010101111 
00000011001001001001000111111011 
00001001010001100111001101000000 
00000000000011111010010111100001 
00000110011101100100010111111100 
00000000000000000110111010100100 
00000011101011101010001011111011 
00000000000000000000001101110110 
00000000000000000000100101000101 
00000000111001001000110111000111 
00001110101110110000101111100110 
00000000001010110001011110011001 
00000000101001101100101011101101 
00000000000000100011010000111101 
00000000000001011101101111011011 
00001111110011010110101010111000 
00000000000000000000001001000110 
00000000000000000000010010010100 
00000000000000111111110001111110 
00000001000000100000101001001111 
00000011100010010101011010001111 
00000000000000000000100001100111 
00010100010111001000110101010100 
00000000000000111011011100010100 
00000001010011101111100001000000 
00000000001110100001010100001001 
00000000011110100011101101100111 
00000000000000001011000000011011 
00000000000010110011011001101100 
00000000000000000000011101110101 
00000000000000000000000100111000 
00000000000000000010001111111010 
00000000000000000000000011101000 
00000001101111000001000111010000 
00000000000010001111000110000001 
00000011110001000100010111010101 
00000100010110111010010001100101 
00000000000010011000000001011001 
00000000000010000000011100010011 
00000000000001000010110011100110 
00000000000000011001100011010101 
00011000101110100110100100100001 
00010000101111010111100110011000 
00000000000000001000110010011101 
00000000000000000000011001010111 
00000000000000000111110000010000 
00000000000000000011110000001111 
00000000000000000100110011110111 
00011101000101010110110011101100 
00000000000000001000101110111100 
00000000000000000000011010111000 
00000000000000001100111010100111 
00000000000011101010010011000101 
00000000000000000000000010010100 
00000000000000000000000100010010 
00000000000000000101011110000010 
00000000000001000000011001000000 
00001010110100011110011101100000 
00000000000001010111101000111110 
00000000000000000001001001001010 
00000001010001010011000110111011 
00000000000100000101010111011101 
00000000000000001111000001100101 
00000000000000000000010001110001 
00000000000000000011100110101011 
00011110010101101000011011101001 
00000000000000001001101101000100 
00011010110000011111010110101000 
00000000000000101011110111111011 
00000000000011001110101001000011 
00000000000001000111010010110110 
00000000000011111100101110001010 
00000000000000000000010010110111 
00000000000010000011010111100100 
00000000000000000101000010001011 
00000011111111001011101100011110 
00000000111100010101101110100011 
00000000000000000011100111001111 
00000000010001011110000011001000 
00000000010110101100000110011101 
01010101100101011101011100001110 
00000000000000011010000101001011 
00000000000000010100011001011010 
00000000000000000010001111101010 
00000000000111101100000100111001 
00000001101000101001111100010010 
00000000000000000000111110110000 
00000000000000111101111010101101 
00000000000000000000000010100101 
00000000000000111110011111001100 
00000000000000000000010100000101 
00001010011011110010011101110101 
00000000000000000000000100000101 
00000000000000111100010111111000 
00000000001011110110000100011011 
00000000000000000000010001010000 
00000000000000000000001011000101 
00000000000001011110011011101001 
00011100000010111101011011111100 
00000000000000001001110110010000 
00000000000000000000000010011111 
00000001110000100010000001111110 
00000000000000000001001010101010 
00000000000000000000010101000111 
00000000000000001010001111000101 
00000000000000001001110001011011 
00000000000000000000000011010101 
00000000000000000000100110101111 
00010111010110000100101111100001 
00000001010011100100110001111010 
00000000000000000001110111110110 
00000000000000000000010110001101 
00000000000000000000000110101101 
00000000000000000000000001100001 
00000000000001000100111100000100 
00000000000000000000001101101101 
00000000000000000000011101111001 
